spinlock | ticketlock | spinlock_backoff | ticketlock_backoff --- (avg | max)
1 5 1 2 1 3 1 113
331 971 329 779 330 329399 2 682
616 7329 655 1188 549 656689 4 1745
923 8495 978 1732 1161 1311909 3 1748
1198 16893 1312 2311 1904 2622999 5 3130
1572 24827 1625 2880 1704 2623359 4 1861
1806 31642 2012 27645 5879 10488104 6 3148
2145 32986 2284 4015 5288 10487936 6 3131
2480 30965 2603 4595 18573 41945396 6 3110
2882 28155 2963 5854 33463 83888877 6 3169
3221 31438 3667 32760 60970 167774105 6 3194
3682 57843 3827 13566 42020 83888325 6 3169
4007 85973 4172 13282 206443 671091018 6 3070
4276 105343 4455 21191 191733 671091538 4 1807
4289 84878 4781 25862 715789 2684357990 6 3113
4620 119281 5159 22038 672344 2684358031 7 5559
